Centroides:
[[  1.16737143e+00   3.17853694e-01   2.63500000e+00   5.84448349e-01
    4.34315592e+02   5.46558739e+02   6.22077922e-02   1.09520811e-01]
 [  1.25101538e+00   2.84501240e-01   2.53206154e+00   4.87291782e-01
    1.58235293e+02   1.57023292e+02   6.97552448e-02   1.08273604e-01]]

Centroides:
[[  1.27538182e+00   3.01599656e-01   2.54196364e+00   4.99396090e-01
    1.40252817e+02   1.30167747e+02   7.46280992e-02   1.16610988e-01]
 [  9.03466667e-01   3.59196644e-01   2.64746667e+00   5.70491364e-01
    6.61658413e+02   9.71494358e+02   5.10606061e-02   1.35121893e-01]
 [  1.22052308e+00   2.88713976e-01   2.60790769e+00   5.62479922e-01
    3.54593913e+02   4.11292065e+02   6.18181818e-02   9.63662821e-02]]

Centroides:
[[  1.38394286e+00   3.24921799e-01   2.83714286e+00   7.12446767e-01
    4.65886802e+02   4.95411435e+02   6.27272727e-02   1.07067444e-01]
 [  9.36880000e-01   2.61912641e-01   2.25112000e+00   3.94713999e-01
    2.75122990e+02   3.16918946e+02   6.13181818e-02   9.83059321e-02]
 [  1.45820000e+00   3.30472998e-01   2.72445000e+00   5.76034716e-01
    9.50687576e+01   9.81545488e+01   8.17045455e-02   1.28693367e-01]
 [  9.42200000e-01   3.05552423e-01   2.82000000e+00   4.87262487e-01
    6.82244762e+02   1.13540963e+03   3.59090909e-02   8.93849231e-02]]

Centroides:
[[  6.60800000e-01   2.90572997e-01   2.52120000e+00   3.30861502e-01
    8.12209524e+02   1.37432815e+03   4.68181818e-02   1.29224292e-01]
 [  1.45820000e+00   3.30472998e-01   2.72445000e+00   5.76034716e-01
    9.50687576e+01   9.81545488e+01   8.17045455e-02   1.28693367e-01]
 [  1.02480000e+00   3.93508467e-01   2.71060000e+00   6.90306295e-01
    5.86382857e+02   7.70077463e+02   5.31818182e-02   1.38070693e-01]
 [  9.36880000e-01   2.61912641e-01   2.25112000e+00   3.94713999e-01
    2.75122990e+02   3.16918946e+02   6.13181818e-02   9.83059321e-02]
 [  1.47693333e+00   3.01327918e-01   2.92626667e+00   7.08363043e-01
    4.40120316e+02   4.70702703e+02   5.96212121e-02   8.71460460e-02]]

Centroides:
[[  1.33086667e+00   3.08068559e-01   2.53826667e+00   5.52164112e-01
    3.03832769e+02   4.31468038e+02   6.15909091e-02   1.00886336e-01]
 [  1.45820000e+00   3.30472998e-01   2.72445000e+00   5.76034716e-01
    9.50687576e+01   9.81545488e+01   8.17045455e-02   1.28693367e-01]
 [  6.60800000e-01   2.90572997e-01   2.52120000e+00   3.30861502e-01
    8.12209524e+02   1.37432815e+03   4.68181818e-02   1.29224292e-01]
 [  1.02480000e+00   3.93508467e-01   2.71060000e+00   6.90306295e-01
    5.86382857e+02   7.70077463e+02   5.31818182e-02   1.38070693e-01]
 [  1.19000000e+00   3.01775075e-01   2.81100000e+00   6.72764059e-01
    4.74429792e+02   4.67147598e+02   6.86363636e-02   1.00557366e-01]
 [  9.14200000e-01   2.28597043e-01   2.26586667e+00   3.65546223e-01
    2.78539336e+02   2.56001176e+02   5.44696970e-02   8.30646858e-02]]

Centroides:
[[  1.47693333e+00   3.01327918e-01   2.92626667e+00   7.08363043e-01
    4.40120316e+02   4.70702703e+02   5.96212121e-02   8.71460460e-02]
 [  8.89760000e-01   2.45409243e-01   2.24768000e+00   3.25726700e-01
    2.84968003e+02   2.41190123e+02   6.06363636e-02   9.28729900e-02]
 [  6.60800000e-01   2.90572997e-01   2.52120000e+00   3.30861502e-01
    8.12209524e+02   1.37432815e+03   4.68181818e-02   1.29224292e-01]
 [  9.84000000e-01   2.78416038e-01   2.25456000e+00   4.63701298e-01
    2.65277977e+02   3.92647768e+02   6.20000000e-02   1.03738874e-01]
 [  1.02480000e+00   3.93508467e-01   2.71060000e+00   6.90306295e-01
    5.86382857e+02   7.70077463e+02   5.31818182e-02   1.38070693e-01]
 [  1.58648000e+00   3.50873511e-01   2.60912000e+00   5.82877938e-01
    1.32977285e+02   1.43096897e+02   1.17909091e-01   1.85666490e-01]
 [  1.24440000e+00   2.96472144e-01   2.91666667e+00   5.64629344e-01
    3.18878788e+01   2.32506355e+01   2.13636364e-02   3.37381622e-02]]

Centroides:
[[  9.84000000e-01   2.78416038e-01   2.25456000e+00   4.63701298e-01
    2.65277977e+02   3.92647768e+02   6.20000000e-02   1.03738874e-01]
 [  1.41540000e+00   3.35852267e-01   2.93820000e+00   8.11258703e-01
    4.87704545e+02   5.26195030e+02   6.15909091e-02   8.28163607e-02]
 [  8.89760000e-01   2.45409243e-01   2.24768000e+00   3.25726700e-01
    2.84968003e+02   2.41190123e+02   6.06363636e-02   9.28729900e-02]
 [  1.50770000e+00   2.84065743e-01   2.92030000e+00   6.56915212e-01
    4.16328202e+02   4.42956540e+02   5.86363636e-02   8.93108886e-02]
 [  1.02480000e+00   3.93508467e-01   2.71060000e+00   6.90306295e-01
    5.86382857e+02   7.70077463e+02   5.31818182e-02   1.38070693e-01]
 [  6.60800000e-01   2.90572997e-01   2.52120000e+00   3.30861502e-01
    8.12209524e+02   1.37432815e+03   4.68181818e-02   1.29224292e-01]
 [  1.58648000e+00   3.50873511e-01   2.60912000e+00   5.82877938e-01
    1.32977285e+02   1.43096897e+02   1.17909091e-01   1.85666490e-01]
 [  1.24440000e+00   2.96472144e-01   2.91666667e+00   5.64629344e-01
    3.18878788e+01   2.32506355e+01   2.13636364e-02   3.37381622e-02]]

Centroides:
[[  9.84000000e-01   2.78416038e-01   2.25456000e+00   4.63701298e-01
    2.65277977e+02   3.92647768e+02   6.20000000e-02   1.03738874e-01]
 [  8.53600000e-01   2.24566544e-01   2.29112000e+00   2.98850683e-01
    2.50979822e+02   2.12896269e+02   5.82727273e-02   8.90400351e-02]
 [  1.54584000e+00   3.35425575e-01   2.59384000e+00   6.45528285e-01
    1.10312739e+02   1.27609868e+02   1.18363636e-01   1.85666704e-01]
 [  1.02480000e+00   3.93508467e-01   2.71060000e+00   6.90306295e-01
    5.86382857e+02   7.70077463e+02   5.31818182e-02   1.38070693e-01]
 [  1.29773333e+00   3.01910770e-01   2.82973333e+00   7.14512733e-01
    4.92413636e+02   4.71877854e+02   5.75757576e-02   7.87693961e-02]
 [  1.65613333e+00   3.00745066e-01   3.02280000e+00   7.02213352e-01
    3.87826996e+02   4.69527552e+02   6.16666667e-02   9.55226958e-02]
 [  6.60800000e-01   2.90572997e-01   2.52120000e+00   3.30861502e-01
    8.12209524e+02   1.37432815e+03   4.68181818e-02   1.29224292e-01]
 [  1.61480000e+00   3.77009743e-01   3.06760000e+00   5.24127246e-01
    2.10000000e+00   4.35783780e+00   0.00000000e+00   0.00000000e+00]
 [  8.87600000e-01   3.16850122e-01   2.47400000e+00   4.66761895e-01
    3.74727273e+02   2.79940645e+02   7.36363636e-02   1.20378192e-01]]

